50000346
50000022
50000023
50000986
50000027
50000028
50000988
50000127
50000989
50000991
50000993
50000020
50000994
50001331
50000025
50001356
50001556
50001431
50001481
50002255
50000996
50000998
50000999
50001001
50001003
50001004
50001006
50001008
50001009
50001026
50000349
50000987
50001531
50001537
50001536
50001562
50001487
50000985
50002261
50001061
50000770
50000470
50001534
50002312
50002235
50001386
50000137
50001311
50001336
50000990
50001361
50001561
50001486
50000995
50002260
50001000
50001005
50000338
50000019
50000024
50000029
50001128
50001103
50000992
50000997
50001002
50001007
50000030
50001164
50001139
50001114
50001089
50001064
50000773
50000473
50002238
50001464
50001359
50001484
50002258
50001644
50001619
50001594
50001519
50001419
50001592
50001517
50001417
50001292
50001024
50001217
50001267
50001029
50001264
50001399
50001374
50002248
50002300
50001299
50000125
50001379
50001529
50001329
50001354
50001554
50001429
50001404
50001479
50002253
50001614
50001589
50001514
50001414
50001078
50001053
50000762
50000462
50002227
50001453
50002304
50001303
50001289
50000129
50001378
50001328
50001214
50001189
50001353
50001553
50001028
50001528
50001244
50001428
50001478
50002252
50001035
50000345
50000469
50002311
50002234
50000136
50001385
50001310
50001335
50001360
50001560
50001485
50000340
50000352
50000350
50001418
50001535
50000021
50000026
50001493
50000031
50001269
50000344
50001505
50001389
50001339
50001564
50001364
50001368
50002243
50001469
50001394
50001184
50001159
50001134
50001109
50001031
50001036
50001084
50001059
50001042
50001039
50001034
50001405
50001544
50001542
50001568
50001362
50001192
50001167
50001142
50001117
50001092
50001067
50000776
50000476
50002241
50001467
50001392
50002318
50000143
50001342
50001567
50001367
50001442
50001492
50002266
50001317
50001443
50000768
50002257
50000468
50001543
50001533
50002310
50002233
50001384
50000135
50001309
50001334
50001559
50001280
50001205
50001041
50001040
50001616
50001591
50001516
50001416
50001291
50001216
50001191
50001166
50001141
50001116
50001091
50001066
50000775
50000475
50001341
50001366
50001566
50001441
50001491
50002265
50001265
50001266
50000351
50001615
50001590
50001515
50001415
50001290
50001541
50002317
50002240
50001466
50001391
50000142
50001316
50001033
50000343
50001283
50001258
50001208
50001183
50001158
50001133
50001108
50001083
50001058
50000767
50000467
50002309
50002232
50001383
50000134
50001308
50001333
50001558
50001483
50001433
50001180
50001155
50001130
50001105
50001080
50001055
50000764
50000464
50002229
50001255
50002259
50001215
50001190
50001165
50001140
50001115
50001090
50002216
50001642
50001617
50001539
50001038
50000348
50001538
50001489
50001263
50001088
50001063
50000772
50000472
50001338
50001563
50001363
50001438
50001488
50002262
50001439
50001313
50002212
50001638
50001613
50001588
50001513
50001413
50001288
50001213
50001188
50001163
50001138
50001113
50002237
50001463
50001388
50001065
50000774
50000474
50002239
50001465
50001390
50002316
50000141
50001340
50001260
50002263
50001314
50002315
50000140
50001030
50001530
50001540
50001455
50002306
50001380
50001305
50000131
50001330
50001510
50001460
50001435
50001410
50001285
50001210
50001185
50001160
50001135
50001110
50001085
50001060
50000769
50001355
50001555
50001430
50001480
50002254
50002214
50001640
50001315
50001565
50001365
50001440
50001490
50002264
50001272
50000357
50001547
50002221
50001647
50001622
50001597
50001522
50001422
50001372
50001247
50001222
50001197
50001172
50001147
50001122
50001097
50001072
50000781
50000481
50001397
50001347
50001322
50001257
50001262
50001032
50001037
50002201
50001627
50002206
50001632
50001607
50001582
50001507
50001407
50001282
50000342
50001232
50001207
50001182
50001157
50001132
50001107
50001082
50001057
50000766
50000466
50002308
50002231
50001457
50001382
50001307
50000133
50001332
50002211
50001637
50001612
50001587
50001512
50000347
50001357
50001557
50001432
50001462
50001437
50001412
50001287
50001532
50001212
50001187
50001162
50001137
50001112
50001087
50001062
50000771
50000471
50002313
50002236
50000138
50001387
50001312
50001337
50001572
50001447
50001497
50002246
50001472
50001482
50002256
50001602
50001577
50001502
50001477
50001427
50001402
50001377
50001352
50001327
50002220
50001646
50001621
50001596
50001521
50001421
50001371
50001246
50001302
50001277
50001027
50001227
50001202
50001177
50001152
50001127
50001102
50001077
50001052
50000761
50000461
50002226
50001552
50001452
50002251
50002303
50000337
50000128
50001271
50001252
50001527
50001546
50001256
50001261
50002205
50001631
50001606
50001581
50001506
50001406
50001281
50000341
50001231
50001206
50001181
50001156
50001131
50001106
50001081
50001056
50000765
50000465
50002307
50002230
50001456
50001381
50001306
50000132
50002215
50001641
50002210
50001636
50000356
50001611
50001586
50001511
50001461
50001436
50001411
50001286
50001211
50001186
50001161
50001136
50001111
50001086
50001221
50001196
50001171
50001146
50001121
50001096
50001071
50000780
50000480
50001396
50001346
50001321
50001571
50001446
50001496
50002200
50001251
50000336
50001626
50001601
50001576
50001501
50001476
50001426
50001401
50001376
50001351
50001326
50001301
50001276
50001226
50001201
50001176
50001151
50001126
50001101
50001076
50001051
50000760
50000460
50002225
50001551
50001451
50001526
50002250
50002302
50001270
50002245
50001471
50002209
50001635
50001610
50001585
50002219
50001645
50001620
50001595
50001520
50001420
50001245
50001220
50000355
50001545
50001195
50001170
50001145
50001120
50001095
50001070
50000779
50000479
50001345
50001320
50001370
50001570
50001445
50001495
50001025
50000335
50001525
50002244
50001470
50001395
50002199
50001625
50001600
50001575
50001500
50001475
50001425
50001350
50001250
50001325
50001275
50001225
50002218
50001200
50001175
50001150
50001125
50001100
50001075
50001050
50000759
50000459
50002224
50001550
50001450
50001400
50001375
50002249
50002301
50001300
50000126
50002204
50001630
50001605
50001580
50000339
50000354
50002203
50001254
50001259
50001629
50001604
50001579
50001504
50001279
50001204
50001179
50001154
50001129
50001104
50001079
50001054
50000763
50000463
50002228
50001454
50002305
50001304
50000130
50002213
50001639
50002208
50001634
50001609
50001584
50001509
50001459
50001434
50001409
50001284
50001209
50001219
50001194
50001169
50001144
50001119
50001094
50001069
50000778
50000478
50001344
50001369
50001569
50001444
50001494
50000334
50001524
50000353
50002217
50001643
50001249
50001618
50001593
50001518
50002198
50001624
50001599
50001574
50001499
50001474
50001424
50001349
50001324
50001274
50001224
50001199
50001174
50001149
50001293
50001124
50001099
50001243
50001218
50001268
50001193
50001168
50001143
50001118
50001093
50001068
50001074
50001049
50000758
50000458
50002223
50001549
50001449
50000777
50000477
50001343
50000144
50000333
50001523
50001248
50001253
50002197
50001623
50001598
50001573
50002207
50001633
50001608
50001583
50001498
50001473
50001423
50001398
50001508
50001458
50001348
50001323
50001408
50001358
50001273
50002242
50001468
50001393
50002319
50001223
50001198
50001173
50001148
50001123
50001098
50001073
50001048
50000757
50000457
50002202
50001628
50001603
50001578
50001503
50001403
50001278
50001203
50001178
50001153
50001023
50002222
50001548
50001448
50001373
50002247
50000043
50000033
50000038
50000048
50002299
50001298
50000124
50002314
50000139
50000042
50000052
50000032
50000037
50000047
50000044
50000034
50000039
50000049
50000046
50000045
50000036
50000035
50000041
50000040
50000051
50000050
50001047
50001046
50001044
50002320
50001319
50001043
50001294
50001318
50001045
50000145
50002321
50002323
50001297
50000053
50000148
50002322
50001296
50001295
50000147
50000146
50000054
50000056
50000055
50001228
50001233
50001238
50001242
50001241
50001229
50001234
50001239
50001230
50001235
50001237
50001236
50001240
50002268
50002267
50002269
50002271
50002270